-9.746052448723972361e+00 -9.288526040503386483e+00 -9.105461643077012113e+00 -9.077028605163016906e+00 -9.112946858475893919e+00 -9.126877292019537791e+00
-9.195450061326578606e+00 -9.237014576630180329e+00 -9.242682708445585149e+00 -9.230433154716713773e+00 -9.199367433021835794e+00 -9.200221612350564016e+00
-9.175890508583218974e+00 -9.136431124442436769e+00 -9.094608910975360061e+00 -9.062225017609412347e+00 -9.029348569783557821e+00 -9.031010678697287020e+00
-9.006525863148572952e+00 -8.978339225684040414e+00 -8.952407649179843219e+00 -8.932838760250236376e+00 -8.912280692330984522e+00 -8.914477958679784209e+00
-8.897170332401254100e+00 -8.877477024078954670e+00 -8.859469454715194203e+00 -8.844747719132408648e+00 -8.827932624404864370e+00 -8.829929177498355486e+00
-8.815145646223870202e+00 -8.798462413527550652e+00 -8.783750655311701294e+00 -8.771262147834749001e+00 -8.756680117822876142e+00 -8.758584754295764441e+00
-8.745519342745463831e+00 -8.730876044451578721e+00 -8.717634993410296573e+00 -8.706641387586383729e+00 -8.693601348973386322e+00 -8.695439979215750625e+00
-8.683552264383962438e+00 -8.670531703826503289e+00 -8.712108848467456923e+00 -8.648606611155754464e+00 -8.636643936445326020e+00 -8.638604314177911192e+00
-8.627420270348952869e+00 -8.653123229325279553e+00 -8.621129552598834067e+00 -8.596668788593111898e+00 -8.609568677116969937e+00 -8.605620376766578872e+00
-8.577428341179661686e+00 -8.585440573721639268e+00 -8.575236881187311866e+00 -8.566637580401993191e+00 -8.554828053820822120e+00 -8.556505770014670276e+00
-8.549450911449524071e+00 -8.535715431548537069e+00 -8.507539972960570296e+00 -8.504878412971056179e+00 -8.489522391161646198e+00 -8.491587279701043656e+00
-8.480440266737113930e+00 -8.470114720893587190e+00 -8.460738067657526784e+00 -8.454299304045351349e+00 -8.443195856768719310e+00 -8.444621539245220632e+00
-8.435820212696070186e+00 -8.427104384758450806e+00 -8.416763489494764272e+00 -8.410810234171998800e+00 -8.406971456810506282e+00 -8.406865485239464419e+00
-8.398663805752843103e+00 -8.389159243885904615e+00 -8.380739152271862835e+00 -8.373350144405051765e+00 -8.364567580500413158e+00 -8.365905007567718599e+00
-8.363924713068467298e+00 -8.349606739860639948e+00 -8.341552026211532578e+00 -8.334713935515546623e+00 -8.326401402154044007e+00 -8.327704729874113809e+00
-8.320129937467321213e+00 -8.314235833019875344e+00 -8.307019907704541239e+00 -8.300097557893270306e+00 -8.291976373849378135e+00 -8.290676171939050931e+00
-8.287271140065849195e+00 -8.275331849926256922e+00 -8.268078693194086171e+00 -8.262215697933479319e+00 -8.254451794575491164e+00 -8.260882629448644821e+00
-8.253952222063533739e+00 -8.246403972756848333e+00 -8.239435109862672135e+00 -8.233583566510343843e+00 -8.226564940636011514e+00 -8.231650756798368107e+00
-8.216210573410153373e+00 -8.209149382949918916e+00 -8.202341715065925243e+00 -8.201093970736295091e+00 -8.194400488717731079e+00 -8.195615998094757160e+00
-8.189409839853533768e+00 -8.182581560520244324e+00 -8.176064848234631199e+00 -8.165769907732094879e+00 -8.165604655609239870e+00 -8.165715793633268049e+00
-8.154682318900876581e+00 -8.148536731561309310e+00 -8.142645651365169712e+00 -8.143468643801659468e+00 -8.131244670739970815e+00 -8.132441542787935518e+00
-8.133035799081573813e+00 -8.129516655398177249e+00 -8.115005744961719003e+00 -8.110293004664923089e+00 -8.109530967812821345e+00 -8.110748555707722574e+00
-8.105503800438384587e+00 -8.099505956206884960e+00 -8.100545203925776150e+00 -8.095996937313261199e+00 -8.086423572299519691e+00 -8.087882193769273087e+00
-8.087460902640707161e+00 -8.080852496644554961e+00 -8.075461014044334362e+00 -8.066179340803659059e+00 -8.060130519756416589e+00 -8.060646516427183883e+00
-8.055654810514761621e+00 -8.050289693753057918e+00 -8.045724091440275672e+00 -8.062866408042250299e+00 -8.037718986787837139e+00 -8.038765110569039862e+00
-8.032425949437088875e+00 -8.027229474288143152e+00 -8.022458086408596145e+00 -8.018499151446864204e+00 -8.013478910369466135e+00 -8.014671214276958722e+00
-8.010194935066433430e+00 -8.007334770456376205e+00 -8.003053132825643345e+00 -7.997249557705523593e+00 -7.992529908748860379e+00 -7.994755343093618016e+00
-7.989610692865644737e+00 -7.986320304192326525e+00 -7.980444233767982176e+00 -7.976870772312208757e+00 -7.974943630910851233e+00 -7.973344401473098308e+00
-7.970158208256374444e+00 -7.966838248117166899e+00 -7.960823611851661319e+00 -7.957323224152246688e+00 -7.955286271160459499e+00 -7.957412196258251136e+00
-7.950175593051299394e+00 -7.946020612269791172e+00 -7.941105060224477263e+00 -7.938022531730576148e+00 -7.937397555492275991e+00 -7.949695850822189769e+00
