-9.349900870962745358e+00 -9.249267483448122107e+00 -9.375502278463912376e+00 -9.486746339275924811e+00 -9.530638634879316839e+00 -9.550224965886481954e+00 -9.529991233499954362e+00 -9.492644875858562870e+00 -9.433932831511755879e+00 -9.373316749288834515e+00 -9.367038055767594074e+00
-9.322638281020697804e+00 -9.277024523404696410e+00 -9.228480144365576621e+00 -9.191383813358076083e+00 -9.142177456226075805e+00 -9.107805923622628086e+00 -9.066054454068234847e+00 -9.028381738267693635e+00 -8.984965887535048878e+00 -8.941581125840876609e+00 -8.934386736042862154e+00
-8.904038025054699546e+00 -8.874479703065246028e+00 -8.847758989498988313e+00 -8.829434536274092693e+00 -8.809036367266417145e+00 -8.793799789404395995e+00 -8.775934986949895489e+00 -8.759701023618911009e+00 -8.737975957118759851e+00 -8.712522690923524493e+00 -8.708545364482327855e+00
-8.692566701117399930e+00 -8.678090451813362805e+00 -8.663849693395276219e+00 -8.653390137615936339e+00 -8.641905171078693826e+00 -8.632371705198991663e+00 -8.622421685259743285e+00 -8.614333867973989811e+00 -8.603237200311836474e+00 -8.591361361559963328e+00 -8.591405825624338632e+00
-8.582087506214453043e+00 -8.572250862779066338e+00 -8.561429763579942787e+00 -8.553217835095152211e+00 -8.544195893438571332e+00 -8.536418869348622707e+00 -8.528573081106975096e+00 -8.522315230430928423e+00 -8.513736293023258739e+00 -8.505147139973704640e+00 -8.505716996311770473e+00
-8.498340713282747316e+00 -8.490226120027514867e+00 -8.481051640837032224e+00 -8.474019222344196578e+00 -8.466339655187816504e+00 -8.459568450779867632e+00 -8.452821273155269211e+00 -8.447484404779316947e+00 -8.440136383293681988e+00 -8.432959409127642303e+00 -8.433530831679505013e+00
-8.427244244430470488e+00 -8.420194389451667760e+00 -8.412144562013159188e+00 -8.405932100761422276e+00 -8.399194316729706955e+00 -8.393169871054258380e+00 -8.387208560878736563e+00 -8.382501357720574475e+00 -8.376002877898363508e+00 -8.369731929849239194e+00 -8.370255477065562388e+00
-8.364752630850029291e+00 -8.358509817542056908e+00 -8.351348121729319729e+00 -8.345797208164146497e+00 -8.339797475911773006e+00 -8.334407601845875035e+00 -8.329089145276432404e+00 -8.324897149360490189e+00 -8.319092992588752011e+00 -8.313517400673372748e+00 -8.314012392346452174e+00
-8.309142251332804818e+00 -8.303569291708789990e+00 -8.297152126623235091e+00 -8.292175023964865943e+00 -8.286790807923281932e+00 -8.281959459567934445e+00 -8.277195696084177712e+00 -8.273449167397354032e+00 -8.268236833588110457e+00 -8.263233404246237868e+00 -8.263716489859159964e+00
-8.259367404176138905e+00 -8.254357346764935599e+00 -8.248561777992568622e+00 -8.244078075014808604e+00 -8.239208011387136210e+00 -8.234849848817377804e+00 -8.230556076725141779e+00 -8.227182786853283858e+00 -8.222462011298897977e+00 -8.217929906438950383e+00 -8.218408162409808426e+00
-8.214487144569963206e+00 -8.209946188734182471e+00 -8.204669835114270171e+00 -8.200603270281959567e+00 -8.196162867068860436e+00 -8.192202310831147472e+00 -8.188303599343308647e+00 -8.185245239772317660e+00 -8.180935812245104799e+00 -8.176800189851119782e+00 -8.177280176585359328e+00
-8.173720608123412390e+00 -8.169576599506919834e+00 -8.164743911126429055e+00 -8.161036015549381517e+00 -8.156963823044764084e+00 -8.153345854626101286e+00 -8.149785367726110508e+00 -8.146999949579624811e+00 -8.143045571840985986e+00 -8.139250744412137806e+00 -8.139737512592079227e+00
-8.136489827504911787e+00 -8.132686734421476160e+00 -8.128239048791350285e+00 -8.124843407897817116e+00 -8.121091315469502803e+00 -8.117772456756464194e+00 -8.114505200953052722e+00 -8.111959594277312391e+00 -8.108315522078342497e+00 -8.104816577052568860e+00 -8.105311690804732905e+00
-8.102334721423055441e+00 -8.098827371619725213e+00 -8.094716259300124506e+00 -8.091594154412801387e+00 -8.088122365790971102e+00 -8.085065477097515441e+00 -8.082054057680668535e+00 -8.079719663776836924e+00 -8.076346726864628067e+00 -8.073105676241873141e+00 -8.073608902326057546e+00
-8.070867349688514381e+00 -8.067617471346103741e+00 -8.063800844972254467e+00 -8.060918760094821778e+00 -8.057692467708070794e+00 -8.054864928385750744e+00 -8.052076642471169166e+00 -8.049927476991143749e+00 -8.046791561439096796e+00 -8.043775731616840119e+00 -8.044286132645332543e+00
-8.041750362711228561e+00 -8.038726008329893702e+00 -8.035167287772924993e+00 -8.032497039267196826e+00 -8.029487080087465145e+00 -8.026861464055089712e+00 -8.024269102352818095e+00 -8.022282958236729655e+00 -8.019355815231309137e+00 -8.016538645605944424e+00 -8.017055069061315820e+00
-8.014700872662618991e+00 -8.011876072119152425e+00 -8.008544595237092167e+00 -8.006062116161114517e+00 -8.003244332157988694e+00 -8.000797382707325767e+00 -7.998378521021005660e+00 -7.996536458953921844e+00 -7.993794352868973441e+00 -7.991153972660277383e+00 -7.991675171161204183e+00
-7.989482058237045159e+00 -7.986834748019130181e+00 -7.983704692763634370e+00 -7.981388680910134426e+00 -7.978742125989388256e+00 -7.976453471008650986e+00 -7.974188627168109278e+00 -7.972473989185671073e+00 -7.969896352986942212e+00 -7.967413451010714631e+00 -7.967938047854110195e+00
-7.965887979003288599e+00 -7.963398547481443046e+00 -7.960447627276551863e+00 -7.958278870502829783e+00 -7.955784617915243828e+00 -7.953636114591763118e+00 -7.951507678326155570e+00 -7.949905537445188131e+00 -7.947474189157043511e+00 -7.945131409399895261e+00 -7.945657841379031083e+00
-7.943734666542035860e+00 -7.941385650519876549e+00 -7.938594382493199930e+00 -7.936555887517229735e+00 -7.934197085280715100e+00 -7.932172767234739297e+00 -7.930165258310219123e+00 -7.928662619018566282e+00 -7.926361813890574481e+00 -7.924144004953131315e+00 -7.924670801061924230e+00
-7.922860542196244360e+00 -7.920637043992279303e+00 -7.917988650313097843e+00 -7.916066108356674569e+00 -7.913828466327328393e+00 -7.911914768087696004e+00 -7.910015287004982909e+00 -7.908601276078012887e+00 -7.906417739932388500e+00 -7.904312056116045149e+00 -7.904838105415676885e+00
-7.903129091815357832e+00 -7.901018715243404600e+00 -7.898498883943887883e+00 -7.896680434558601469e+00 -7.894552011146023673e+00 -7.892737561554226566e+00 -7.890935434845745888e+00 -7.889600937717396789e+00 -7.887523391764311498e+00 -7.885518968072567247e+00 -7.886043496795134722e+00
-7.884425989205244178e+00 -7.882418225957329661e+00 -7.880014674576788281e+00 -7.878290329357040100e+00 -7.876261017205529846e+00 -7.874536316883729015e+00 -7.872822553288304270e+00 -7.871559886768548786e+00 -7.869578689577563679e+00 -7.867666335757239615e+00 -7.868188820105967096e+00
-7.866654605126023547e+00 -7.864740370633164446e+00 -7.862442606476833795e+00 -7.860803864632300630e+00 -7.858865041968742915e+00 -7.857222196525607494e+00 -7.855589091650372779e+00 -7.854391748476007962e+00 -7.852498651470065205e+00 -7.850670555491809921e+00 -7.851190655088724490e+00
-7.849732616766647020e+00 -7.847903955842268964e+00 -7.845702969935784310e+00 -7.844142473889054834e+00 -7.842286657173048958e+00 -7.840718945263918549e+00 -7.839159729109352881e+00 -7.838022061244728889e+00 -7.836209875636182431e+00 -7.834459276754365931e+00 -7.834976784337677636e+00
-7.833588586202531623e+00 -7.831838542311857054e+00 -7.829726531105657195e+00 -7.828237849984334140e+00 -7.826458511027498233e+00 -7.824960084469925192e+00 -7.823468813729051341e+00 -7.822385930441896562e+00 -7.820648347043237969e+00 -7.818969396344622069e+00 -7.819484225977834768e+00
-7.818160304973524433e+00 -7.816482899026675923e+00 -7.814453153038012800e+00 -7.813030704021378448e+00 -7.811322201954164157e+00 -7.809887924083652955e+00 -7.808459453624513991e+00 -7.807427136175729032e+00 -7.805758608682797473e+00 -7.804146215199616599e+00 -7.804658352282702438e+00
-7.803393851775296319e+00 -7.801783865410787833e+00 -7.799830525666396674e+00 -7.798469357491704557e+00 -7.796826687407524048e+00 -7.795451878453562244e+00 -7.794081645450459561e+00 -7.793096076830612340e+00 -7.791491590789932253e+00 -7.789941126100935698e+00 -7.790450532410940099e+00
-7.789241055729977603e+00 -7.787693715523396953e+00 -7.785811450324815475e+00 -7.784506990305962049e+00 -7.782925519688687288e+00 -7.781605792985256009e+00 -7.780289617499089871e+00 -7.779347221044794480e+00 -7.777802139066485765e+00 -7.776309288646213957e+00 -7.776815883678395380e+00
-7.775657377222388256e+00 -7.774168256068375804e+00 -7.772352158102679986e+00 -7.771100179059072133e+00 -7.769575631676668870e+00 -7.768306971749582956e+00 -7.767041059383604562e+00 -7.766138571013247116e+00 -7.764648657156265621e+00 -7.763209479807005486e+00 -7.763713205002612305e+00
-7.762601996618686329e+00 -7.761167078798984598e+00 -7.759412711317238198e+00 -7.758209397010061181e+00 -7.756737912912901045e+00 -7.755516760506629304e+00 -7.754297724371983058e+00 -7.753432241347903542e+00 -7.751993685821766178e+00 -7.750604636187982344e+00 -7.751105484938013213e+00
-7.750038269338112684e+00 -7.748653939565183002e+00 -7.746957306344773642e+00 -7.745799210678462110e+00 -7.744377285538836198e+00 -7.743200463624122953e+00 -7.742025234022236191e+00 -7.741194128910899863e+00 -7.739803492160428178e+00 -7.738461342350413830e+00 -7.738959332808309277e+00
-7.737933081984966321e+00 -7.736596033364256719e+00 -7.734953490803943232e+00 -7.733837457078279520e+00 -7.732461868994907839e+00 -7.731326486907119211e+00 -7.730192234927161010e+00 -7.729393101027230095e+00 -7.728047285173069270e+00 -7.726749091046605677e+00 -7.727244252805657965e+00
-7.726256185024634959e+00 -7.724963387016677174e+00 -7.723371617302031922e+00 -7.722294788525302600e+00 -7.720962622077703230e+00 -7.719866072970490656e+00 -7.718770228021671009e+00 -7.718000931730993663e+00 -7.716697199538351981e+00 -7.715440335807664418e+00 -7.715932724563734801e+00
-7.714980345894094427e+00 -7.713729070357524975e+00 -7.712185093837219618e+00 -7.711144963179910938e+00 -7.709853649770890271e+00 -7.708793634274616835e+00 -7.707733917460248385e+00 -7.706992646708828332e+00 -7.705728604755941014e+00 -7.704510774710637833e+00 -7.705000476204009630e+00
-7.704081607430927292e+00 -7.702869428515700001e+00 -7.701370586707271038e+00 -7.700364990017024347e+00 -7.699112287154251888e+00 -7.698086792978489967e+00 -7.697061204120347000e+00 -7.696346433529654973e+00 -7.695119962193904151e+00 -7.693939148231858205e+00 -7.694426259048363193e+00
-7.693539003150007716e+00 -7.692363750851292536e+00 -7.690907650498265191e+00 -7.689934691468493178e+00 -7.688718611720229745e+00 -7.687725843877382559e+00 -7.686732600463571430e+00 -7.686042994499444170e+00 -7.684852161312505814e+00 -7.683706540761364501e+00 -7.684191142696974453e+00
-7.683333804212492346e+00 -7.682193494400049616e+00 -7.680777930065977088e+00 -7.679835880786781033e+00 -7.678654600819892373e+00 -7.677692887920851028e+00 -7.676730337012916294e+00 -7.676064645248089846e+00 -7.674907630449103735e+00 -7.673795488186027747e+00 -7.674277633543201027e+00
-7.673448627892514473e+00 -7.672341395451297785e+00 -7.670964277944832155e+00 -7.670051500530008504e+00 -7.668903282211863015e+00 -7.667971005006068985e+00 -7.667037549492743409e+00 -7.666394541098575210e+00 -7.665269598302725917e+00 -7.664189270246352770e+00 -7.664668983049947926e+00
-7.663866781461003086e+00 -7.662790844938963453e+00 -7.661450171318243463e+00 -7.660565089113815063e+00 -7.659448248750831745e+00 -7.658543826017460532e+00 -7.657637903020644288e+00 -7.657016362665071796e+00 -7.655921824541447762e+00 -7.654871692417461126e+00 -7.655348980640794387e+00
-7.654572110624442871e+00 -7.653525777509766925e+00 -7.652219650189326039e+00 -7.651360762743153465e+00 -7.650273690522766401e+00 -7.649395612099644914e+00 -7.648515719657949852e+00 -7.647914484806481283e+00 -7.646848792654616034e+00 -7.645827315091023202e+00 -7.646302184672437718e+00
-7.645549263360158498e+00 -7.644530955046235476e+00 -7.643257616279038658e+00 -7.642423529040161867e+00 -7.641364723286904415e+00 -7.640511593751274866e+00 -7.639656333630175489e+00 -7.639074334727133042e+00 -7.638036063306799406e+00 -7.637041813049631145e+00 -7.637514277682911690e+00
-7.636784046054580166e+00 -7.635792320844587699e+00 -7.634550173593448008e+00 -7.633739623016937870e+00 -7.632707714236119045e+00 -7.631878283392944162e+00 -7.631046396017282518e+00 -7.630482681482009255e+00 -7.629470552042403320e+00 -7.628502243204489552e+00 -7.628972330484422137e+00
-7.628263675800893928e+00 -7.627297243957694484e+00 -7.626084856985642979e+00 -7.625296726715453666e+00 -7.624290490115206431e+00 -7.623483663878153571e+00 -7.622674044673392935e+00 -7.622127789988793367e+00 -7.621140672975999841e+00 -7.620197171076263487e+00 -7.620664925631915665e+00
-7.619976885635741048e+00 -7.619034609650299217e+00 -7.617850706408933803e+00 -7.617084026302598510e+00 -7.616102378679346252e+00 -7.615317205572470272e+00 -7.614528894191706421e+00 -7.613999389464510159e+00 -7.613036288225054626e+00 -7.612116593323857039e+00 -7.612582074064124349e+00
-7.611913814304661408e+00 -7.610994684650603581e+00 -7.609838112309856406e+00 -7.609092031057760330e+00 -7.608134003825754554e+00 -7.607369637611926194e+00 -7.606601781391263195e+00 -7.606088395914115452e+00 -7.605148409042236324e+00 -7.604251615315504864e+00 -7.604714887426034409e+00
-7.604065658211946577e+00 -7.603168752694717369e+00 -7.602038441929749979e+00 -7.601312183464377092e+00 -7.600376881409842689e+00 -7.599632536742491951e+00 -7.598884347512250059e+00 -7.598386488954766982e+00 -7.597468768883933521e+00 -7.596594023848707522e+00 -7.597055151239472615e+00
-7.596424246595746332e+00 -7.595548696575594505e+00 -7.594443631290209495e+00 -7.593736458515245147e+00 -7.592823026537723230e+00 -7.592097947691965665e+00 -7.591368671407416890e+00 -7.590885760159152618e+00 -7.589989486597112922e+00 -7.589135969134241044e+00 -7.589595010281212417e+00
-7.588981743986628281e+00 -7.588126719283019739e+00 -7.587045922317487978e+00 -7.586357119628069690e+00 -7.585464728226230413e+00 -7.584758175326919094e+00 -7.584047078073397508e+00 -7.583578539971663979e+00 -7.582702910199389024e+00 -7.581869825368594995e+00 -7.582326830567308384e+00
-7.581730527205351677e+00 -7.580895231804793966e+00 -7.579837758675801673e+00 -7.579166626412994212e+00 -7.578294469297303770e+00 -7.577605713656262232e+00 -7.576912077022543990e+00 -7.576457343963752145e+00 -7.575601570703967447e+00 -7.574788147886589051e+00 -7.575243155676631091e+00
-7.574663147617721748e+00 -7.573846813795315214e+00 -7.572811746478088857e+00 -7.572157595647538209e+00 -7.571304887661439054e+00 -7.570633207934528208e+00 -7.569956326480759223e+00 -7.569514834729741182e+00 -7.568678143073299225e+00 -7.567883628325071221e+00 -7.568336661152355482e+00
-7.567772285190697446e+00 -7.566974162061730347e+00 -7.565960601229521743e+00 -7.565322743942584971e+00 -7.564488714007669756e+00 -7.563833391262405392e+00 -7.563172569078863816e+00 -7.562743753548511805e+00 -7.561925375957326168e+00 -7.561149020256026532e+00 -7.561600081384110439e+00
-7.561050675228835338e+00 -7.560270017515255070e+00 -7.559277077328733441e+00 -7.558654818274326281e+00 -7.557838702342830395e+00 -7.557199018805879298e+00 -7.556553568163892898e+00 -7.556136859726686694e+00 -7.555336035904268499e+00 -7.554577089024261838e+00 -7.555026163619597668e+00
-7.554491068248178287e+00 -7.553727135091826916e+00 -7.552753947135545154e+00 -7.552146585896427844e+00 -7.551347629804457284e+00 -7.550722878143672823e+00 -7.550092126180222962e+00 -7.549686960733110297e+00 -7.548902949370886795e+00 -7.548160667857411354e+00 -7.548607729816248835e+00
-7.548086302605730324e+00 -7.547338371167040982e+00 -7.546384100003296957e+00 -7.545790948521701402e+00 -7.545008424534164426e+00 -7.544397927993162334e+00 -7.543781232362217537e+00 -7.543387071809959821e+00 -7.542619171922439136e+00 -7.541892839572371443e+00 -7.542337862095620515e+00
-7.541829496994296278e+00 -7.541096884609979512e+00 -7.540160748356732334e+00 -7.539581156442373810e+00 -7.538814385399514428e+00 -7.538217519196282801e+00 -7.537614285034805128e+00 -7.537230639222178397e+00 -7.536478209179914067e+00 -7.535767158682826761e+00 -7.536210123797230764e+00
-7.535714267390208221e+00 -7.534996348966600088e+00 -7.534077632888347864e+00 -7.533511007921633862e+00 -7.532759373054529028e+00 -7.532175574601739143e+00 -7.531585262484429499e+00 -7.531211698572352731e+00 -7.530474160853675158e+00 -7.529777784150033071e+00 -7.530218686750013823e+00
-7.529734840448790045e+00 -7.529031050799311231e+00 -7.528129105615253280e+00 -7.527574916251127846e+00 -7.526837859899497829e+00 -7.526266622276589047e+00 -7.525688742698103617e+00 -7.525324876698188170e+00 -7.524601705502248272e+00 -7.523919447987982956e+00 -7.524358293077154869e+00
-7.523886000373364524e+00 -7.523195821256826399e+00 -7.522310047385340148e+00 -7.521767811293879724e+00 -7.521044816871993888e+00 -7.520485670304520198e+00 -7.519919769041438329e+00 -7.519565245707216405e+00 -7.518855945157250531e+00 -7.518187288977814298e+00 -7.518624084609599301e+00
-7.518162911507403123e+00 -7.517485852331715179e+00 -7.516615679309590625e+00 -7.516084944034910897e+00 -7.515375514476431817e+00 -7.514828006966319585e+00 -7.514273650689443862e+00 -7.513928124137346565e+00 -7.513232209582885623e+00 -7.512576657069807595e+00 -7.513011407692724575e+00
-7.512560927814900147e+00 -7.511896511456581216e+00 -7.511041383409892802e+00 -7.510521711779669651e+00 -7.509825356759570525e+00 -7.509289043990388102e+00 -7.508745813845338901e+00 -7.508408938898127438e+00 -7.507725930482129328e+00 -7.507082996857700863e+00 -7.507515700873940823e+00
-7.507075492479477141e+00 -7.506423252848917649e+00 -7.505582626067734076e+00 -7.505073592707449670e+00 -7.504389830116592996e+00 -7.503864277947431383e+00 -7.503331772511609543e+00 -7.503003208779734479e+00 -7.502332638123386133e+00 -7.501701855156366783e+00 -7.502132507317759824e+00
-7.501702161242205236e+00 -7.501061651224839366e+00 -7.500235002293230480e+00 -7.499736199837331974e+00 -7.499064567611772425e+00 -7.498549362821520958e+00 -7.498027205713224674e+00 -7.497706628739453372e+00 -7.497048052095998116e+00 -7.496428977259917303e+00 -7.496857573548201259e+00
-7.496436704830599318e+00 -7.495807507331883279e+00 -7.494994344561701105e+00 -7.494505392603637794e+00 -7.493845461479387460e+00 -7.493340222478506618e+00 -7.492828067758633637e+00 -7.492515178640026363e+00 -7.491868187414801206e+00 -7.491260410754165378e+00 -7.491686952425821389e+00
-7.491275207627503541e+00 -7.490656941673957903e+00 -7.489856811748167864e+00 -7.489377361306371661e+00 -7.488728740085663915e+00 -7.488233120602993509e+00 -7.487730651447868979e+00 -7.487425178863586162e+00 -7.486789401329368765e+00 -7.486192544976273844e+00 -7.486617039543976837e+00
-7.486214095706036353e+00 -7.485606413456352470e+00 -7.484818899045173168e+00 -7.484348629265491049e+00 -7.483710959798076878e+00 -7.483224643442659918e+00 -7.482731564033289651e+00 -7.482433257867099563e+00 -7.481808351430296433e+00 -7.481222061749092767e+00 -7.481644520690935884e+00
-7.481250077165372048e+00 -7.480652653214278303e+00 -7.479877362984583833e+00 -7.479415971727846113e+00 -7.478788916822751709e+00 -7.478311605608266355e+00 -7.477827629799012499e+00 -7.477536250053723244e+00 -7.476921888153810869e+00 -7.476345824567395049e+00 -7.476766259226396372e+00
-7.476380027042607068e+00 -7.475792545225722563e+00 -7.475029101565840328e+00 -7.474576294584735159e+00 -7.473959525095413170e+00 -7.473490927638496650e+00 -7.473015769088151572e+00 -7.472731075497478948e+00 -7.472126935102447298e+00 -7.471560760847599347e+00 -7.471979178594255089e+00
-7.471600872286614070e+00 -7.471023015703362802e+00 -7.470271045796846643e+00 -7.469826529304333995e+00 -7.469219715832658757e+00 -7.468759540162155375e+00 -7.468292907424622484e+00 -7.468014654031374988e+00 -7.467420408528787412e+00 -7.466863786938119141e+00 -7.467280189235218302e+00
-7.466909523909454727e+00 -7.466340971611963973e+00 -7.465600104897016642e+00 -7.465163584100577232e+00 -7.464566395619304906e+00 -7.464114348590379144e+00 -7.463655946342528935e+00 -7.463383882586335005e+00 -7.462799201861785470e+00 -7.462251798776653011e+00 -7.462666181781061780e+00
-7.462302875428312277e+00 -7.461743305926016312e+00 -7.461013177599290280e+00 -7.460584360810971205e+00 -7.459996469250768314e+00 -7.459552261450311583e+00 -7.459101796739912693e+00 -7.458835673830961355e+00 -7.458260230209406316e+00 -7.457721720600440918e+00 -7.458134077895001823e+00
-7.457777857030460922e+00 -7.457226956164235254e+00 -7.456507214107526593e+00 -7.456085819890108546e+00 -7.455506907882051060e+00 -7.455070261090409822e+00 -7.454627451942458904e+00 -7.454367031574939517e+00 -7.453800508434912153e+00 -7.453270584218133266e+00 -7.453680910555253725e+00
-7.453331516612998975e+00 -7.452788986333257704e+00 -7.452079298267443974e+00 -7.451665062488877389e+00 -7.451094831173747046e+00 -7.450665485245054676e+00 -7.450230068523119087e+00 -7.449975130657518818e+00 -7.449417230325422246e+00 -7.448895606637740308e+00 -7.449303901357641422e+00
-7.448961095614441419e+00 -7.448426660663447940e+00 -7.447726719034346132e+00 -7.447319399442418053e+00 -7.446757573963625809e+00 -7.446335290954698038e+00 -7.445907027072094841e+00 -7.445657374391840833e+00 -7.445107822968389577e+00 -7.444594241238243981e+00 -7.445000510302394403e+00
-7.444664076006517917e+00 -7.444137486848397600e+00 -7.443447010241247774e+00 -7.443046387546996101e+00 -7.442492718979798916e+00 -7.442077283804150234e+00 -7.441655957380154618e+00 -7.441411415599821666e+00 -7.440869963924424901e+00 -7.440364191392510484e+00 -7.440768447606627589e+00
-7.440438189114942702e+00 -7.439919221017595063e+00 -7.439237952264585729e+00 -7.438843828096486810e+00 -7.438298091829786962e+00 -7.437889310010954880e+00 -7.437474727160556576e+00 -7.437235141955067519e+00 -7.436701563326090891e+00 -7.436203389808891728e+00 -7.436605651531458250e+00
-7.436281391271065466e+00 -7.435769840672702635e+00 -7.435097542862823872e+00 -7.434709735903392236e+00 -7.434171727580870304e+00 -7.433769421419479606e+00 -7.433361405324094839e+00 -7.433126637625602662e+00 -7.432600723766710438e+00 -7.432109957104367837e+00 -7.432510246238223317e+00
-7.432191820837667606e+00 -7.431687500685477232e+00 -7.431023952685441358e+00 -7.430642294574758999e+00 -7.430111825243526980e+00 -7.429715829770876745e+00 -7.429314216200278764e+00 -7.429084137663072518e+00 -7.428565694566287014e+00 -7.428082156196410324e+00 -7.428480496315685855e+00
-7.428167753103880777e+00 -7.427670488634800172e+00 -7.427015481371925354e+00 -7.426639813507294186e+00 -7.426116705366199611e+00 -7.425726864982167719e+00 -7.425331498744682790e+00 -7.425105988438589932e+00 -7.424594833137816430e+00 -7.424118354623582050e+00 -7.424514769702732941e+00
-7.424207564088368905e+00 -7.423717189728277432e+00 -7.423070523607711024e+00 -7.422700695065747034e+00 -7.422184778336785804e+00 -7.421800944326335525e+00 -7.421411676717093009e+00 -7.421190619069842676e+00 -7.420686577453408539e+00 -7.420216997920892510e+00 -7.420611511576491459e+00
-7.420309705060471828e+00 -7.419826062225346242e+00 -7.419187545206376022e+00 -7.418823411240938803e+00 -7.418314521818855312e+00 -7.417936550402337126e+00 -7.417553237139380862e+00 -7.417336520445489079e+00 -7.416839425532189445e+00 -7.416376589416278975e+00 -7.416769224254444737e+00
-7.416472682522483595e+00 -7.415995617670041007e+00 -7.415365063269724999e+00 -7.415006483712660135e+00 -7.414504461015775760e+00 -7.414132211533223327e+00 -7.413754710744299814e+00 -7.413542225620227022e+00 -7.413051915751195153e+00 -7.412595670415485394e+00 -7.412986447205939911e+00
-7.412695038090443944e+00 -7.412224400650244682e+00 -7.411601625620590994e+00 -7.411248463058792701e+00 -7.410753147994793011e+00 -7.410386481252190016e+00 -7.410014651663421326e+00 -7.409806289492022024e+00 -7.409322606492364294e+00 -7.408872799976403023e+00 -7.409261736778893770e+00
-7.408975328520344128e+00 -7.408510969011474323e+00 -7.407895791203486624e+00 -7.407547909498208405e+00 -7.407059143123266409e+00 -7.406697920419129666e+00 -7.406331620424566609e+00 -7.406127272441755061e+00 -7.405650060352788167e+00 -7.405206540028436812e+00 -7.405593651686658063e+00
-7.405312112239959887e+00 -7.404853881316896036e+00 -7.404246118613834859e+00 -7.403903382529998467e+00 -7.403421006111249092e+00 -7.403065089505994401e+00 -7.402704177703657962e+00 -7.402503735345740132e+00 -7.402032840284953785e+00 -7.401595453033141148e+00 -7.401980751369519496e+00
-7.401703949143849215e+00 -7.401251698068503693e+00 -7.400651168895675980e+00 -7.400313445110041854e+00 -7.399837301707957060e+00 -7.399486555550367051e+00 -7.399130892603460907e+00 -7.398934249061777102e+00 -7.398469520151546241e+00 -7.398038113888708800e+00 -7.398421608566860819e+00
-7.398149414215978048e+00 -7.397702996506070328e+00 -7.397109521594713577e+00 -7.396776680545568361e+00 -7.396306617363427094e+00 -7.395960910337408656e+00 -7.395610361226617968e+00 -7.395417413406254248e+00 -7.394958704046926456e+00 -7.394533129669923710e+00 -7.394914829341011853e+00
-7.394647117631325983e+00 -7.394206390976568066e+00 -7.393619795404151596e+00 -7.393291712946159500e+00 -7.392827583230510591e+00 -7.392486789814851633e+00 -7.392141225317667264e+00 -7.391951875155045926e+00 -7.391499043735848318e+00 -7.391079156394172678e+00 -7.391459069650401226e+00
-7.391195720449664996e+00 -7.390760547896509713e+00 -7.390180662384891797e+00 -7.389857220351629508e+00 -7.389398883889217728e+00 -7.389062884421650601e+00 -7.388722181130879640e+00 -7.388536335629883212e+00 -7.388089245174667141e+00 -7.387674904288480171e+00 -7.388053040130476923e+00
-7.387793938110434055e+00 -7.387364188006288579e+00 -7.386790848982591307e+00 -7.386471934385006044e+00 -7.386019256408810740e+00 -7.385687935700105733e+00 -7.385351974699895905e+00 -7.385169544764538685e+00 -7.384728061667220622e+00 -7.384319129885751565e+00 -7.384695497704795386e+00
-7.384440531041687628e+00 -7.384016075925166511e+00 -7.383449124546136666e+00 -7.383134627818278339e+00 -7.382687476904824742e+00 -7.382360722071692472e+00 -7.382029387007154497e+00 -7.381850285717508342e+00 -7.381414278204624146e+00 -7.381010620039841541e+00 -7.381385229336639320e+00
-7.381134288130181353e+00 -7.380715003229143534e+00 -7.380154284034638579e+00 -7.379844097118791524e+00 -7.379402343025043720e+00 -7.379080041507598331e+00 -7.378753216936909887e+00 -7.378577358070398162e+00 -7.378146695106360120e+00 -7.377748176034019778e+00 -7.378121036153356016e+00
-7.377874011308391822e+00 -7.377459773371669804e+00 -7.376905133294465067e+00 -7.376599148314868515e+00 -7.376162660575845464e+00 -7.375844699103236479e+00 -7.375522269759219540e+00 -7.375349567125023320e+00 -7.374924118207489165e+00 -7.374530604691055480e+00 -7.374901724772711553e+00
-7.374658507781442829e+00 -7.374249194701794963e+00 -7.373700482897754149e+00 -7.373398591828087767e+00 -7.372967239503213754e+00 -7.372653504290629378e+00 -7.372335355429736836e+00 -7.372165723176149932e+00 -7.371745359071289805e+00 -7.371356719501772403e+00 -7.371726108715596304e+00
-7.371486592360642298e+00 -7.371082083670067675e+00 -7.370539152249531156e+00 -7.370241247564308651e+00 -7.369814900063062169e+00 -7.369505278049313546e+00 -7.369191296674837410e+00 -7.369024650361518880e+00 -7.368609244505008427e+00 -7.368225350716891775e+00 -7.368593018731362854e+00
-7.368357098405367012e+00 -7.367957276421996937e+00 -7.367419981846591526e+00 -7.367125957844360862e+00 -7.366704486471560287e+00 -7.366398867129412942e+00 -7.366088943657911337e+00 -7.365925201686475354e+00 -7.365514631823605995e+00 -7.365135360729239800e+00 -7.365501318291673982e+00
-7.365268893498272185e+00 -7.364873644753990867e+00 -7.364341849491075287e+00 -7.364051603862105111e+00 -7.363634883629765149e+00 -7.363333160823550827e+00 -7.363027190731387783e+00 -7.362866275703388474e+00 -7.362460425346561976e+00 -7.362085660286581401e+00 -7.362449919770686080e+00
-7.362220895416609068e+00 -7.361830111979474900e+00 -7.361303685977397926e+00 -7.361017121224715076e+00 -7.360605032516527757e+00 -7.360307105976724884e+00 -7.360004991055578927e+00 -7.359846830726169742e+00 -7.359445590115529789e+00 -7.359075221664523880e+00 -7.359437797456774177e+00
-7.359212084684128463e+00 -7.358825665069319122e+00 -7.358304486699227098e+00 -7.358021511143397753e+00 -7.357613940921119422e+00 -7.357319717077274390e+00 -7.357021366081241354e+00 -7.356865893742514650e+00 -7.356469160156935416e+00 -7.356103086287296478e+00 -7.356463994930062533e+00
-7.356241511397328736e+00 -7.355859360903659550e+00 -7.355343317179012352e+00 -7.355063845425312330e+00 -7.354660687815553821e+00 -7.354370079927311288e+00 -7.354075408571680406e+00 -7.353922562877960978e+00 -7.353530240329341439e+00 -7.353168366000287115e+00 -7.353527626071620915e+00
