-9.939851623855938456e+00 -9.575011303389244333e+00 -9.375198719477291220e+00 -9.255714773797391715e+00 -9.177793171164619679e+00 -9.166569671713659773e+00
-9.126420197755122032e+00 -9.097075748903401760e+00 -9.079775737633751120e+00 -9.071579466705271599e+00 -9.067485101816096460e+00 -9.068851183632279600e+00
-9.072125599116906969e+00 -9.076404215869457559e+00 -9.082350241558620141e+00 -9.089983675398727314e+00 -9.096646754943176205e+00 -9.099607397336445302e+00
-9.108480622948389893e+00 -9.116070935585392832e+00 -9.122995354079371566e+00 -9.130271142764161851e+00 -9.135646718954033574e+00 -9.138183256812348887e+00
-9.144716899531573517e+00 -9.149287749054050067e+00 -9.152533124350307858e+00 -9.155999320437121725e+00 -9.157481557190569887e+00 -9.159240383446201506e+00
-9.161794989645473564e+00 -9.162220038792709076e+00 -9.161184916624844021e+00 -9.160603202085363606e+00 -9.158291907816709099e+00 -9.159379799898422547e+00
-9.158306383698258557e+00 -9.155249707081893007e+00 -9.150924761667333485e+00 -9.147416247978284787e+00 -9.142644811581842390e+00 -9.143318858320245823e+00
-9.139920544004452196e+00 -9.134834549932593362e+00 -9.128872722378618576e+00 -9.123999568099698365e+00 -9.118323246922663827e+00 -9.118807245201310252e+00
-9.114504956489909659e+00 -9.108799838578649499e+00 -9.102590378963187234e+00 -9.097556325149444234e+00 -9.092034907051978365e+00 -9.092453085328466855e+00
-9.088169741842870408e+00 -9.082701496483439385e+00 -9.076993874291193976e+00 -9.072408880195110825e+00 -9.067486995476247813e+00 -9.067887455858910428e+00
-9.064007546208324939e+00 -9.059106091527230120e+00 -9.054132685028942973e+00 -9.050167948795898809e+00 -9.045898637377122853e+00 -9.046293647962468043e+00
-9.042885187384822387e+00 -9.038589953034811941e+00 -9.034311531762002190e+00 -9.030916755067696755e+00 -9.027204186479751868e+00 -9.027594374563456370e+00
-9.024598420214587691e+00 -9.020830426576255334e+00 -9.017123340272306109e+00 -9.014186308623459709e+00 -9.010914507837100018e+00 -9.011298161466045897e+00
-9.008633290637467539e+00 -9.005288309211330500e+00 -9.002029161579592653e+00 -8.999444906037266989e+00 -8.996517047017887236e+00 -8.996892598112856021e+00
-8.994488177303031406e+00 -8.991474839758259563e+00 -8.988563941043574701e+00 -8.986251392965410645e+00 -8.983594037395342013e+00 -8.983960489572650587e+00
-8.981761539048429555e+00 -8.979009740407292384e+00 -8.976372029487695414e+00 -8.974272415962877503e+00 -8.971831141477885296e+00 -8.972188000095506766e+00
-8.970153580329288445e+00 -8.967611927048924514e+00 -8.965192175539275610e+00 -8.963263358265807668e+00 -8.960997786997326742e+00 -8.961344908950355403e+00
-8.959445137652032543e+00 -8.957076042220654344e+00 -8.954833746932390426e+00 -8.953045083054156805e+00 -8.950925102107024856e+00 -8.951262576416647576e+00
-8.949475548194524066e+00 -8.947251098100787559e+00 -8.945156333038609020e+00 -8.943485027156443223e+00 -8.941488011407624725e+00 -8.941816078552188074e+00
-8.940125418944488089e+00 -8.938024470678977096e+00 -8.936054788475757960e+00 -8.934483491559250368e+00 -8.932592233256887226e+00 -8.932911229141991427e+00
-8.931304409661690258e+00 -8.929310597469013899e+00 -8.927448822585906996e+00 -8.925964053214482163e+00 -8.924165238433440450e+00 -8.924475554014810186e+00
-8.922942781672389856e+00 -8.921043157308893967e+00 -8.919275857305429156e+00 -8.917866933889605718e+00 -8.916150045521259671e+00 -8.916452098411383531e+00
-8.914985574394618695e+00 -8.913169686461939634e+00 -8.911486118564155845e+00 -8.910144416838850390e+00 -8.908500958869504771e+00 -8.908795174255768501e+00
-8.907388574375385559e+00 -8.905647839889359929e+00 -8.904039221030165763e+00 -8.902757650140177503e+00 -8.901180604087260306e+00 -8.901467402000491802e+00
-8.900115489118507028e+00 -8.898442750367987486e+00 -8.896901751249732371e+00 -8.895674382290184923e+00 -8.894157827329390642e+00 -8.894437613817883559e+00
-8.893135942252234472e+00 -8.891525143748998161e+00 -8.890045539727037038e+00 -8.888867341648758469e+00 -8.887406189854772265e+00 -8.887679350727902161e+00
-8.886424051198030583e+00 -8.884870000460082906e+00 -8.883446429551746348e+00 -8.882313080280823669e+00 -8.880902892980310881e+00 -8.881169789617327837e+00
-8.879957425838908236e+00 -8.878455615918507959e+00 -8.877083407360762735e+00 -8.875991156958907169e+00 -8.874628017310387307e+00 -8.874888984283103355e+00
-8.873716463918906783e+00 -8.872262941502821576e+00 -8.870937989851583438e+00 -8.869883559017008423e+00 -8.868563981963028198e+00 -8.868819326150273241e+00
-8.867683845415108124e+00 -8.866275111932370834e+00 -8.864993780716414307e+00 -8.863974282817332906e+00 -8.862695148474289297e+00 -8.862945149276029611e+00
