-7.831149325481729484e+00 -7.717918894821085729e+00 -7.698132362906130233e+00 -7.704429694276650586e+00 -7.718469448368124652e+00 -7.735285215793108016e+00 -7.751860077668065507e+00 -7.763845822805442332e+00 -7.770992234662387865e+00 -7.796018703091136537e+00
-7.791806077322223523e+00 -7.787519816522149974e+00 -7.777804727126441442e+00 -7.765860869376548514e+00 -7.752596827453540840e+00 -7.737497321822283780e+00 -7.722498644918596611e+00 -7.706500693600574436e+00 -7.689646470229034136e+00 -7.688797754777680460e+00
-7.666123354205942597e+00 -7.646345943840890058e+00 -7.625590416654433490e+00 -7.605671964320499967e+00 -7.586971433432702305e+00 -7.567138850312800535e+00 -7.547672557362958834e+00 -7.528430336808335177e+00 -7.508034578977979656e+00 -7.500242249803658723e+00
-7.476169189951295202e+00 -7.454196226075275433e+00 -7.431814513231411290e+00 -7.410464522775548346e+00 -7.390499302059483355e+00 -7.369579186070279953e+00 -7.349357021485900532e+00 -7.330013984967480134e+00 -7.309485583229098360e+00 -7.300500369149764524e+00
-7.278100873593211340e+00 -7.257621448907729089e+00 -7.237248450831937241e+00 -7.218022932418939774e+00 -7.200128536492888642e+00 -7.181483340434008156e+00 -7.163860891458454283e+00 -7.147146513360231879e+00 -7.129968475239731873e+00 -7.122678474712050622e+00
-7.103947172224267526e+00 -7.086906560000807431e+00 -7.070105357534406387e+00 -7.054061357063070581e+00 -7.039161333048022051e+00 -7.023572381799414011e+00 -7.008996759857950565e+00 -6.995089859721217884e+00 -6.981148645744143622e+00 -6.975656318247123622e+00
-6.960192263366829835e+00 -6.946324930021227750e+00 -6.932581784704288985e+00 -6.919308360536350122e+00 -6.907018673494343730e+00 -6.894079610416653736e+00 -6.882098271720597182e+00 -6.870589641988962271e+00 -6.859193953526026455e+00 -6.855195601256523830e+00
-6.842353553852942305e+00 -6.831049931980036405e+00 -6.819720133941165940e+00 -6.808711809311907004e+00 -6.798536642897162530e+00 -6.787726832955210732e+00 -6.777806765737829586e+00 -6.768194352228847244e+00 -6.758773888851080436e+00 -6.755952439661065512e+00
-6.745188595239984153e+00 -6.735886719839053960e+00 -6.726436372279531284e+00 -6.717213023884990086e+00 -6.708701674895029221e+00 -6.699558173594144961e+00 -6.691243607571374596e+00 -6.683118828079140705e+00 -6.675220757833930207e+00 -6.673351089964000060e+00
-6.664223277200245654e+00 -6.656455285489327522e+00 -6.648468117563883339e+00 -6.640650029729642689e+00 -6.633427370170179138e+00 -6.625579633728498230e+00 -6.618509121763805680e+00 -6.611559274430875099e+00 -6.604839660108012822e+00 -6.603746316284863305e+00
-6.595907379497918832e+00 -6.589322853928269552e+00 -6.582473476091543318e+00 -6.575758457701307513e+00 -6.569536738308338286e+00 -6.562708135067945037e+00 -6.556608886531440916e+00 -6.550593817654465134e+00 -6.544802351690861997e+00 -6.544348172691882404e+00
-6.537530054407809210e+00 -6.531878703291819299e+00 -6.525932726942459183e+00 -6.520094230743757713e+00 -6.514664393125943143e+00 -6.508651499268732543e+00 -6.503321699980168624e+00 -6.498057047905463790e+00 -6.493003896565286759e+00 -6.493067771399076094e+00
-6.487065889527557694e+00 -6.482155368006254470e+00 -6.476937909259285142e+00 -6.471805709584129929e+00 -6.467016013918395423e+00 -6.461664104403130438e+00 -6.456955197631757848e+00 -6.452299071280309661e+00 -6.447842048458572783e+00 -6.448322136401721139e+00
-6.442990334020925580e+00 -6.438679964070437300e+00 -6.434062410401868881e+00 -6.429509453033746880e+00 -6.425248827290647391e+00 -6.420442653521774901e+00 -6.416243919756909442e+00 -6.412088798242795207e+00 -6.408121045229354884e+00 -6.408932296834892739e+00
-6.404156591116884734e+00 -6.400336750097827654e+00 -6.396215047174488966e+00 -6.392139267636424371e+00 -6.388319121711069748e+00 -6.383966628311775082e+00 -6.380189704245464277e+00 -6.376453571779563845e+00 -6.372893948563055133e+00 -6.373970818989834974e+00
-6.369663149765020016e+00 -6.366250765265148104e+00 -6.362544179316865112e+00 -6.358871158212473063e+00 -6.355424102230131211e+00 -6.351457494217926047e+00 -6.348036833065434870e+00 -6.344657699985535970e+00 -6.341444046910130972e+00 -6.342736054754859687e+00
-6.338827372034982588e+00 -6.335760153340745937e+00 -6.332406286043029908e+00 -6.329077604646135669e+00 -6.325950141361427193e+00 -6.322317854821585925e+00 -6.319203079162375225e+00 -6.316131003812107458e+00 -6.313214907939725506e+00 -6.314680830020217961e+00
-6.311116559272151427e+00 -6.308347512705119620e+00 -6.305298957914272862e+00 -6.302268235784555195e+00 -6.299419605162701608e+00 -6.296080536638728908e+00 -6.293233172395387598e+00 -6.290429715522975584e+00 -6.287774636461011646e+00 -6.289382123900346677e+00
-6.286119068416504696e+00 -6.283610917103282567e+00 -6.280829288296431834e+00 -6.278057277334980313e+00 -6.275452712031368563e+00 -6.272369791123669103e+00 -6.269755464465381678e+00 -6.267185079305731321e+00 -6.264756917293998306e+00 -6.266476101763675643e+00
-6.263473529414325114e+00 -6.261190096603633570e+00 -6.258637246385306163e+00 -6.256085679631157248e+00 -6.253690825557284505e+00 -6.250827894164921794e+00 -6.248412336867209760e+00 -6.246041196567481357e+00 -6.243806885460429612e+00 -6.245610556919317879e+00
-6.242831532917504589e+00 -6.240739829806576822e+00 -6.238382465151655509e+00 -6.236018896519749610e+00 -6.233805005253538312e+00 -6.231132470799146894e+00 -6.228887614195825151e+00 -6.226688341874033306e+00 -6.224621984799755481e+00 -6.226489249815020166e+00
-6.223904485106679374e+00 -6.221978562229569576e+00 -6.219791824029279326e+00 -6.217592144356215655e+00 -6.215536959207927481e+00 -6.213032461170929999e+00 -6.210937200885260800e+00 -6.208887668584385899e+00 -6.206969440122080961e+00 -6.208883903236994684e+00
-6.206469387446975183e+00 -6.204688118617688986e+00 -6.202651837807965585e+00 -6.200596390394490953e+00 -6.198680590676678648e+00 -6.196325374165929212e+00 -6.194361773812494754e+00 -6.192442762301741510e+00 -6.190655408172172969e+00 -6.192603956868586224e+00
-6.190339293758289507e+00 -6.188685156835387779e+00 -6.186781815470433266e+00 -6.184854102332959513e+00 -6.183061632492901971e+00 -6.180839974116718594e+00 -6.178993341578631338e+00 -6.177188983613000062e+00 -6.175517956996838365e+00 -6.177490964489269487e+00
-6.175359567426620622e+00 -6.173817986076936215e+00 -6.172032893078857718e+00 -6.170219222605201281e+00 -6.168536845740995034e+00 -6.166435424606964588e+00 -6.164693551115878023e+00 -6.162990681465410958e+00 -6.161423623278436068e+00 -6.163413524075805228e+00
-6.161401619898296822e+00 -6.159959576762704891e+00 -6.158280013160232436e+00 -6.156568525226486344e+00 -6.154984803619124811e+00 -6.152991704129576966e+00 -6.151343985879186071e+00 -6.149731523672137712e+00 -6.148257720557472439e+00 -6.150258571898847393e+00
-6.148354520332110162e+00 -6.147001060723970234e+00 -6.145416259352513677e+00 -6.143796876293878384e+00 -6.142302081316374895e+00 -6.140407131272250574e+00 -6.138844955112416457e+00 -6.137314122034383423e+00 -6.135924757034203481e+00 -6.137932162991039498e+00
-6.136126390275244091e+00 -6.134853062029836046e+00 -6.133354480138303089e+00 -6.131819078391734124e+00 -6.130405343948691410e+00 -6.128600731269532531e+00 -6.127117585215335893e+00 -6.125661736241536204e+00 -6.124350091776673999e+00 -6.126361238388176034e+00
-6.124646230187699381e+00 -6.123446742250280295e+00 -6.122027770459125939e+00 -6.120570021361933399e+00 -6.119231279221816422e+00 -6.117510956308017001e+00 -6.116101840289910996e+00 -6.114715728106284942e+00 -6.113476210655870879e+00 -6.115489173562307812e+00
-6.113858304377655095e+00 -6.112727186053130701e+00 -6.111381867661855871e+00 -6.109996247909369238e+00 -6.108726910524772791e+00 -6.107085121969536345e+00 -6.105745032582396981e+00 -6.104423520918047075e+00 -6.103250527980423890e+00 -6.105263105082196162e+00
-6.103709622475075314e+00 -6.102641178843772884e+00 -6.101363458771020376e+00 -6.100044557063171169e+00 -6.098838993306978651e+00 -6.097269951005027444e+00 -6.095993519291811324e+00 -6.094731358656718889e+00 -6.093619468669190020e+00 -6.095629285156771715e+00
-6.094146625036164444e+00 -6.093135337950616126e+00 -6.091919431754304171e+00 -6.090662239076247708e+00 -6.089515274856763583e+00 -6.088013647411262497e+00 -6.086795680675654019e+00 -6.085587919298032666e+00 -6.084532356119106922e+00 -6.086537368171224038e+00
-6.085119585069540982e+00 -6.084160657465434774e+00 -6.083001333650321030e+00 -6.081801419690847865e+00 -6.080708540884000257e+00 -6.079269538427781505e+00 -6.078105322239022001e+00 -6.076947526818893941e+00 -6.075944184968885331e+00 -6.077942617053548879e+00
-6.076584476139347046e+00 -6.075673810567790767e+00 -6.074566401647381930e+00 -6.073419733576962187e+00 -6.072376885038172745e+00 -6.070996077350036657e+00 -6.069881373659181456e+00 -6.068769599462386921e+00 -6.067814674926166774e+00 -6.069804807045899864e+00
-6.068501597600319819e+00 -6.067635413534364197e+00 -6.066575635666086264e+00 -6.065478109479142788e+00 -6.064481230270071244e+00 -6.063154219677489465e+00 -6.062084969616016394e+00 -6.061015423575875971e+00 -6.060104976196830862e+00 -6.062084989932681189e+00
-6.060832215079617669e+00 -6.060006739810787302e+00 -6.058990535172484648e+00 -6.057937926141698348e+00 -6.056982939716021086e+00 -6.055705446613950826e+00 -6.054677863143025363e+00 -6.053647008524278839e+00 -6.052777241258989527e+00 -6.054745627145583065e+00
-6.053539309559829107e+00 -6.052751063028938283e+00 -6.051774934628248559e+00 -6.050763460230454527e+00 -6.049846806947448918e+00 -6.048615024262783635e+00 -6.047625889112193676e+00 -6.046630740489351119e+00 -6.045798352900598971e+00 -6.047754241380910223e+00
-6.046591054406881049e+00 -6.045836954547196385e+00 -6.044897896935768955e+00 -6.043924255493601905e+00 -6.043042803393228191e+00 -6.041853201243156057e+00 -6.040899567655631408e+00 -6.039937332644236712e+00 -6.039139171840403719e+00 -6.041081930937766131e+00
-6.039958711355026821e+00 -6.039235823743486442e+00 -6.038330918592287766e+00 -6.037391986136453781e+00 -6.036542750620140119e+00 -6.035391900957968403e+00 -6.034470915432728511e+00 -6.033538895676100466e+00 -6.032771925364480481e+00 -6.034701007793906058e+00
-6.033614792469583321e+00 -6.032920524643039961e+00 -6.032047133551146523e+00 -6.031140128101953657e+00 -6.030320567867014425e+00 -6.029205513892448742e+00 -6.028314762303737417e+00 -6.027410791592029859e+00 -6.026672528965666409e+00 -6.028587722586337350e+00
-6.027536126981018150e+00 -6.026868516134361364e+00 -6.026024576705361291e+00 -6.025147272819704192e+00 -6.024355492603310935e+00 -6.023273963612245652e+00 -6.022411646106243133e+00 -6.021534163045187960e+00 -6.020822750084741770e+00 -6.022724182056011344e+00
-6.021705357732389352e+00 -6.021062967537848643e+00 -6.020246870636578151e+00 -6.019397477864367296e+00 -6.018632009064860178e+00 -6.017582237224957886e+00 -6.016746974249308266e+00 -6.015894715873689513e+00 -6.015208689632281391e+00 -6.017096644957712570e+00
-6.016109039419870186e+00 -6.015490766190325189e+00 -6.014701164840919212e+00 -6.013878207192162151e+00 -6.013137803894049505e+00 -6.012118330479329309e+00 -6.011308991609276120e+00 -6.010480872729487167e+00 -6.009819047307334294e+00 -6.011693846583460399e+00
-6.010736073709211702e+00 -6.010140998947806956e+00 -6.009376697762164987e+00 -6.008578891084391138e+00 -6.007862381636376092e+00 -6.006871866731304799e+00 -6.006087389224531670e+00 -6.005282398838756031e+00 -6.004643691890170665e+00 -6.006505506407008532e+00
-6.005576188946955440e+00 -6.005003346830826594e+00 -6.004263130380624425e+00 -6.003489178109828295e+00 -6.002795336701244544e+00 -6.001832376957102255e+00 -6.001071588859736572e+00 -6.000288630225096398e+00 -5.999671878352572207e+00 -6.001520616285713317e+00
-6.000618295935619351e+00 -6.000066564118955448e+00 -5.999349090648351535e+00 -5.998597611821361753e+00 -5.997925154311929852e+00 -5.996988213319557559e+00 -5.996249812837548099e+00 -5.995487659331088182e+00 -5.994891567148947331e+00 -5.996726953872977717e+00
-5.995850110301126357e+00 -5.995318247259194600e+00 -5.994622092990102402e+00 -5.993891686376212391e+00 -5.993239320004648540e+00 -5.992326788427325468e+00 -5.991609435582604171e+00 -5.990866834654096529e+00 -5.990290065015518195e+00 -5.992111838669172741e+00
-5.991258991139469359e+00 -5.990745756718405701e+00 -5.990069592332331716e+00 -5.989358998946202384e+00 -5.988725544889179631e+00 -5.987835931095702335e+00 -5.987138413925714886e+00 -5.986414269233273799e+00 -5.985855638752093810e+00 -5.987663731193160643e+00
-5.986833593901928374e+00 -5.986337904166114221e+00 -5.985680638981674129e+00 -5.984988870260655958e+00 -5.984373388283977135e+00 -5.983505449151080846e+00 -5.982826790198378930e+00 -5.982120242656489673e+00 -5.981578824150179940e+00 -5.983373364882530687e+00
-5.982564896487842176e+00 -5.982085853547999932e+00 -5.981446610132497455e+00 -5.980772887865596132e+00 -5.980174666616929535e+00 -5.979327361013351272e+00 -5.978666748800661956e+00 -5.977977082862399705e+00 -5.977452091391872280e+00 -5.979233255735803887e+00
-5.978445548744620197e+00 -5.977982317110106969e+00 -5.977360301405727050e+00 -5.976703877827374001e+00 -5.976122290777985846e+00 -5.975294639686187459e+00 -5.974651279497135370e+00 -5.973977746490389151e+00 -5.973468354035785133e+00 -5.975236237191039912e+00
-5.974468367954921533e+00 -5.974020064697226573e+00 -5.973414443470951518e+00 -5.972774484532996198e+00 -5.972208827545474996e+00 -5.971399825804959427e+00 -5.970772868904718145e+00 -5.970114597910836096e+00 -5.969619877135158958e+00 -5.971374484965074281e+00
-5.970625453863307008e+00 -5.970191173193924783e+00 -5.969601040703303774e+00 -5.968976663605314315e+00 -5.968426103437236563e+00 -5.967634746286260672e+00 -5.967023347635284303e+00 -5.966379410774479197e+00 -5.965898426637770591e+00 -5.967639760865852239e+00
-5.966908548328945905e+00 -5.966487474993606099e+00 -5.965911938900235967e+00 -5.965302344247135125e+00 -5.964766029658948199e+00 -5.963991393747366310e+00 -5.963394823988943827e+00 -5.962764372484485875e+00 -5.962296317907735066e+00 -5.964024479174034887e+00
-5.963310147992731736e+00 -5.962901642391546631e+00 -5.962339946401447044e+00 -5.961744508612132343e+00 -5.961221723955226537e+00 -5.960463028020126508e+00 -5.959880725876861796e+00 -5.959263080935202517e+00 -5.958807344527300209e+00 -5.960522564765070364e+00
-5.959824325738491524e+00 -5.959427920878206386e+00 -5.958879502889539381e+00 -5.958297759851303610e+00 -5.957787981712804992e+00 -5.957044601389771543e+00 -5.956476136075087524e+00 -5.955870789162899470e+00 -5.955426925250478121e+00 -5.957129512398847027e+00
-5.956446713506223567e+00 -5.956062025389116776e+00 -5.955526465134095560e+00 -5.954958027881569471e+00 -5.954460854955535787e+00 -5.953732258230003183e+00 -5.953177213527937717e+00 -5.952583734295603612e+00 -5.952151350663549501e+00 -5.953841570585392873e+00
-5.953173601446649421e+00 -5.952800183190023908e+00 -5.952277045200573546e+00 -5.951721463654267019e+00 -5.951236458163835508e+00 -5.950522074553834528e+00 -5.949979912865361875e+00 -5.949397807854346354e+00 -5.948976420044989055e+00 -5.950654376873062645e+00
-5.950000551206408694e+00 -5.949637782720996526e+00 -5.949126469690282804e+00 -5.948583130824484755e+00 -5.948109698246661914e+00 -5.947408837191463071e+00 -5.946878862685347933e+00 -5.946307517485366567e+00 -5.945896495377390956e+00 -5.947562123037011261e+00
-5.946921669535406352e+00 -5.946568799049523513e+00 -5.946068570605300252e+00 -5.945536735787631422e+00 -5.945074180584734691e+00 -5.944386105426817224e+00 -5.943867586329013797e+00 -5.943306379571298592e+00 -5.942905056042381062e+00 -5.944558256523276185e+00
-5.943930442614811405e+00 -5.943586758997279063e+00 -5.943096900601869237e+00 -5.942575869576511849e+00 -5.942123564067508745e+00 -5.941447644091977232e+00 -5.940939974611411323e+00 -5.940388429242013046e+00 -5.939996246307300609e+00 -5.941637035280685986e+00
-5.941021275748465946e+00 -5.940686238264922814e+00 -5.940206205820617313e+00 -5.939695438637915714e+00 -5.939252919467833181e+00 -5.938588692115246204e+00 -5.938091444147139519e+00 -5.937549246149131044e+00 -5.937165793521433699e+00 -5.938794323261337382e+00
-5.938190175679181948e+00 -5.937863408118756681e+00 -5.937392833577265883e+00 -5.936891932307116981e+00 -5.936458861993722635e+00 -5.935805971917107904e+00 -5.935318833232132718e+00 -5.934785736252224275e+00 -5.934410686429328230e+00 -5.936027171456673024e+00
-5.935434260300929132e+00 -5.935115465220237141e+00 -5.934654060485183180e+00 -5.934162676032323169e+00 -5.933738748323981405e+00 -5.933096856765343041e+00 -5.932619537035662916e+00 -5.932095272708089340e+00 -5.931728297391241966e+00 -5.933332939251372729e+00
-5.932750882820125859e+00 -5.932439764091989254e+00 -5.931987227254269968e+00 -5.931504991663071102e+00 -5.931089871110596157e+00 -5.930458607528240833e+00 -5.929990776471971259e+00 -5.929475034284983792e+00 -5.929115760557976067e+00 -5.930708724911574414e+00
-5.930137107810781849e+00 -5.929833346050920717e+00 -5.929389328930811054e+00 -5.928915848748824935e+00 -5.928509171947520251e+00 -5.927888135299164141e+00 -5.927429418009593221e+00 -5.926921878852144054e+00 -5.926569905915656911e+00 -5.928151347904035084e+00
-5.927589745798976573e+00 -5.927293025561883866e+00 -5.926857162987661631e+00 -5.926392061188467508e+00 -5.925993484538714107e+00 -5.925382287272412007e+00 -5.924932314301310399e+00 -5.924432701286908021e+00 -5.924087665481992282e+00 -5.925657777067054433e+00
-5.925105810297493392e+00 -5.924815869523293088e+00 -5.924387834987449253e+00 -5.923930799468593023e+00 -5.923540045791210851e+00 -5.922938360571898819e+00 -5.922496817638597477e+00 -5.922004910031589908e+00 -5.921666524393137898e+00 -5.923225545370354617e+00
-5.922682894580876045e+00 -5.922399525978573109e+00 -5.921979037832662662e+00 -5.921529806145234609e+00 -5.921146643462775749e+00 -5.920554179901073688e+00 -5.920120783044495738e+00 -5.919636358284927624e+00 -5.919304368195620114e+00 -5.920852526751344769e+00
-5.920318882261672577e+00 -5.920041867266393254e+00 -5.919628632634378107e+00 -5.919186925378305375e+00 -5.918811099169717593e+00 -5.918227535236837866e+00 -5.917801968963980030e+00 -5.917324742489058487e+00 -5.916998861090688067e+00 -5.918536317519538237e+00
-5.918011335583679866e+00 -5.917740399177883859e+00 -5.917334083367693509e+00 -5.916899580336783870e+00 -5.916530789361015508e+00 -5.915955756111975106e+00 -5.915537666750325663e+00 -5.915067307245040595e+00 -5.914747213393320102e+00 -5.916274079390155372e+00
-5.915757398717326865e+00 -5.915492240974536742e+00 -5.915092502636613681e+00 -5.914664885480996226e+00 -5.914302821669470411e+00 -5.913735959013704857e+00 -5.913325006730210553e+00 -5.912861202905413727e+00 -5.912546591442484178e+00 -5.914062994127581518e+00
-5.913554282973943366e+00 -5.913294644714182091e+00 -5.912901193636633579e+00 -5.912480203403215562e+00 -5.912124607512553531e+00 -5.911565632353961597e+00 -5.911161546331583416e+00 -5.910704065138085106e+00 -5.910394699310300481e+00 -5.911900829550973846e+00
-5.911399824290807459e+00 -5.911145532387771517e+00 -5.910758171051874399e+00 -5.910343641167542295e+00 -5.909994334642713731e+00 -5.909443075518597155e+00 -5.909045677698307131e+00 -5.908594387882893706e+00 -5.908290123960700413e+00 -5.909786247205269127e+00
-5.909292766198596780e+00 -5.909043738888657415e+00 -5.908662368863323522e+00 -5.908254217875568592e+00 -5.907911096203648071e+00 -5.907367474710928157e+00 -5.906976660341595853e+00 -5.906531512377039661e+00 -5.906232279956331155e+00 -5.907718706980125134e+00
-5.907232625057377895e+00 -5.906988832715609483e+00 -5.906613410675838338e+00 -5.906211592315917969e+00 -5.905874579921959189e+00 -5.905338540172837547e+00 -5.904954220174965407e+00 -5.904515183701041003e+00 -5.904220927394271179e+00 -5.905697956690855399e+00
-5.905219145832567129e+00 -5.904980544033278989e+00 -5.904611006926064221e+00 -5.904215445477665192e+00 -5.903884437423899456e+00 -5.903355868522569772e+00 -5.902977910197984457e+00 -5.902544908002792745e+00 -5.902255535600994918e+00 -5.903723406926241424e+00
-5.903251690263063622e+00 -5.903018171724917273e+00 -5.902654389189705419e+00 -5.902264947339362244e+00 -5.901939781510959548e+00 -5.901418492719404441e+00 -5.901046702724454640e+00 -5.900619593277117936e+00 -5.900334971455145627e+00 -5.901793863569939624e+00
-5.901329019502819406e+00 -5.901100417674526533e+00 -5.900742205053870038e+00 -5.900358702299351776e+00 -5.900039179336755701e+00 -5.899524934939830878e+00 -5.899159088554259078e+00 -5.898737698669465956e+00 -5.898457684383614286e+00 -5.899907745915662360e+00
-5.899449543154661413e+00 -5.899225670771958363e+00 -5.898872835166708128e+00 -5.898495086270211907e+00 -5.898181006425076589e+00 -5.897673574314139522e+00 -5.897313455307296337e+00 -5.896897617150146154e+00 -5.896622081278910521e+00 -5.898063457458930792e+00
-5.897611680549512236e+00 -5.897392362095231100e+00 -5.897044733714347231e+00 -5.896672568954526739e+00 -5.896363749557949063e+00 -5.895862924846333897e+00 -5.895508344898985342e+00 -5.895097908037268297e+00 -5.894826734288159287e+00 -5.896259572400266435e+00
-5.895814025173946149e+00 -5.895599104478084662e+00 -5.895256538331120844e+00 -5.894889802352244246e+00 -5.894586074438742607e+00 -5.894091678077924001e+00 -5.893742474059345149e+00 -5.893337299708844235e+00 -5.893070376002820687e+00 -5.894494818417288506e+00
-5.894055315367868531e+00 -5.893844646320535396e+00 -5.893507007155053046e+00 -5.893145550112238062e+00 -5.892846747850331468e+00 -5.892358613482481466e+00 -5.892014632400156771e+00 -5.891614579730526380e+00 -5.891351790182013382e+00 -5.892767962875092635e+00
-5.892334316086907720e+00 -5.892127747649997360e+00 -5.891794890520777095e+00 -5.891438555532964472e+00 -5.891144505246767693e+00 -5.890662460679646273e+00 -5.890323540967819405e+00 -5.889928450210471844e+00 -5.889669663123898502e+00 -5.891077664503408862e+00
-5.890649671119462916e+00 -5.890447036391311286e+00 -5.890118793496898597e+00 -5.889767406679750295e+00 -5.889477921602299659e+00 -5.889001773335586165e+00 -5.888667734190367042e+00 -5.888277418266294028e+00 -5.888022477537949051e+00 -5.889422376012566573e+00
-5.888999813972903397e+00 -5.888800931357430102e+00 -5.888477115236832482e+00 -5.888130490155922381e+00 -5.887845375417161797e+00 -5.887374907785426714e+00 -5.887045555195427049e+00 -5.886659809203585780e+00 -5.886408541149024565e+00 -5.887800385228722178e+00
-5.887383021704825303e+00 -5.887187707199494469e+00 -5.886868128904513497e+00 -5.886526084870508768e+00 -5.886245149289663026e+00 -5.885780138589018939e+00 -5.885455282647765962e+00 -5.885073905594381038e+00 -5.884826138532528006e+00 -5.886209973365744474e+00
-5.885797580710606880e+00 -5.885605663153964606e+00 -5.885290152358957805e+00 -5.884952532410631321e+00 -5.884675601259601763e+00 -5.884215833800081619e+00 -5.883895304169853624e+00 -5.883518120407320140e+00 -5.883273704692230766e+00 -5.884649588460564296e+00
-5.884241960748196831e+00 -5.884053295692523555e+00 -5.883741713581750687e+00 -5.883408393410319626e+00 -5.883135321543328189e+00 -5.882680608703735992e+00 -5.882364262760106932e+00 -5.881991136407694221e+00 -5.881749957623846115e+00 -5.883117975507087039e+00
-5.882714942126346713e+00 -5.882529422894058335e+00 -5.882221666842463392e+00 -5.881892555512463261e+00 -5.881623238219831684e+00 -5.881173426137347171e+00 -5.880861149898374052e+00 -5.880491989175328449e+00 -5.880253971303253557e+00 -5.881614242349122001e+00
-5.881215672709352305e+00 -5.881033232681573963e+00 -5.880729232575786725e+00 -5.880404266960947091e+00 -5.880138639665301703e+00 -5.879693609874958149e+00 -5.879385311183077611e+00 -5.879020061514874662e+00 -5.878785158974349834e+00 -5.880137831054919495e+00
-5.879743626264980705e+00 -5.879564228049616759e+00 -5.879263935406242148e+00 -5.878943070316788422e+00 -5.878681093894440046e+00 -5.878240753917112649e+00 -5.877936350182002556e+00 -5.877574980106194502e+00 -5.877343162915090069e+00 -5.878688398228425704e+00
-5.878298474714204858e+00 -5.878122090884082773e+00 -5.877825464994119287e+00 -5.877508660788067552e+00 -5.877250299745419682e+00 -5.876814567658110278e+00 -5.876513973161008764e+00 -5.876156458582420861e+00 -5.875927696363191011e+00 -5.877265654756641311e+00
-5.876879928127472397e+00 -5.876706522538523103e+00 -5.876413517865879399e+00 -5.876100727158017456e+00 -5.875845930892984015e+00 -5.875414720304000582e+00 -5.875117837094306239e+00 -5.874764146978251667e+00 -5.874538394966884347e+00 -5.875869220649832414e+00
-5.875487594459550600e+00 -5.875317110523431197e+00 -5.875027668312889695e+00 -5.874718825922365717e+00 -5.874467520439477397e+00 -5.874040732103314788e+00 -5.873747447857494031e+00 -5.873397534834862377e+00 -5.873174726434098325e+00 -5.874498541884105585e+00
-5.874120904982429892e+00 -5.873953264786895723e+00 -5.873667312381894767e+00 -5.873362334260296080e+00 -5.873114427440436991e+00 -5.872691951772185170e+00 -5.872402147448247511e+00 -5.872055947976210888e+00 -5.871835998989417327e+00 -5.873152908267493366e+00
-5.872779142059980195e+00 -5.872614255763636493e+00 -5.872331713198168934e+00 -5.872030503570329962e+00 -5.871785898316718821e+00 -5.871367624795834850e+00 -5.871081187409179059e+00 -5.870738629120525687e+00 -5.870521449088965227e+00 -5.871831545886680992e+00
-5.871461533790140130e+00 -5.871299310384888948e+00 -5.871020096308604330e+00 -5.870722554522205705e+00 -5.870481157837760477e+00 -5.870066981094035796e+00 -5.869783811257578421e+00 -5.869444819708720118e+00 -5.869230320454610350e+00 -5.870533693769467654e+00
-5.870167324935604114e+00 -5.870007677142790037e+00 -5.869731709474752535e+00 -5.869437732199837221e+00 -5.869199455988992398e+00 -5.868789275661681515e+00 -5.868509286647817014e+00 -5.868173788286567216e+00 -5.867961887560248613e+00 -5.869258623843571776e+00
-5.868895792443312942e+00 -5.868738637767278554e+00 -5.868465832758168688e+00 -5.868175314786776120e+00 -5.867940073447739380e+00 -5.867533793032738920e+00 -5.867256906591754806e+00 -5.866924828537001702e+00 -5.866715452282099008e+00 -5.868005636619688659e+00
