-7.832535664717652502e+00 -7.719937145144920798e+00 -7.700919005292175434e+00 -7.707822310344503158e+00 -7.722652433469239242e+00 -7.740373281327799226e+00 -7.758016248911581592e+00 -7.771393798711274670e+00 -7.780208657840287145e+00 -7.807302508660627360e+00
-7.805849727342513589e+00 -7.804659526065886865e+00 -7.798882311836062620e+00 -7.791025281787875123e+00 -7.782302208425888601e+00 -7.771881644713853454e+00 -7.762474841716326068e+00 -7.752177596673546667e+00 -7.741081267544458022e+00 -7.747780606476512233e+00
-7.732213461223173212e+00 -7.720133389470249519e+00 -7.706987493710520276e+00 -7.694897389622109785e+00 -7.684201817732464690e+00 -7.672881451913168505e+00 -7.662418386034663520e+00 -7.651939684650234774e+00 -7.640764934174036682e+00 -7.643651570970607878e+00
-7.629954158279113052e+00 -7.618618085784863325e+00 -7.606346218564215000e+00 -7.595347185606214246e+00 -7.585495078717650941e+00 -7.574946970916043298e+00 -7.564645556887402478e+00 -7.554512716411001527e+00 -7.543648809328142413e+00 -7.544038480823416215e+00
-7.531349394484469606e+00 -7.520189386135874621e+00 -7.508908271363666564e+00 -7.498328857022166893e+00 -7.488809427374907735e+00 -7.478880918793525900e+00 -7.469150539698255820e+00 -7.459690017091793024e+00 -7.449837381643612311e+00 -7.449165454318953827e+00
-7.437430277370415510e+00 -7.426957514042382691e+00 -7.416472385520756383e+00 -7.406235827680573536e+00 -7.396785254360146666e+00 -7.387244086371830498e+00 -7.377996999585514359e+00 -7.368964685131325965e+00 -7.359929425980417328e+00 -7.358520740313774233e+00
-7.347450019322580239e+00 -7.337654311551400355e+00 -7.327634463224556249e+00 -7.317726711528591999e+00 -7.308367138502995353e+00 -7.299016428731845529e+00 -7.289986859828676558e+00 -7.281269458166470976e+00 -7.272675378279453540e+00 -7.270478748684915615e+00
-7.259978170796959951e+00 -7.250711599832260212e+00 -7.241079921083546367e+00 -7.231507593388625033e+00 -7.222336409258369727e+00 -7.213169032972393424e+00 -7.204359518729674505e+00 -7.195932937395011386e+00 -7.187641626755837621e+00 -7.185003518852007609e+00
-7.175035937732882729e+00 -7.166247720985163383e+00 -7.157042141264796875e+00 -7.147802366010086672e+00 -7.138931179086945633e+00 -7.129973465196774995e+00 -7.121455487895791414e+00 -7.113253000076212196e+00 -7.105284006848597400e+00 -7.102488905920396611e+00
-7.093037847322095857e+00 -7.084628425067659663e+00 -7.075866541728088599e+00 -7.067051317339574368e+00 -7.058766333955297512e+00 -7.050225605203457313e+00 -7.042107118125098708e+00 -7.034225364954229676e+00 -7.026631344946649982e+00 -7.023855718311550866e+00
-7.015075443477313044e+00 -7.007177057757962402e+00 -6.998920756711649815e+00 -6.990621809621263338e+00 -6.982768728739491060e+00 -6.974729495230518772e+00 -6.967035911466257225e+00 -6.959581786051201036e+00 -6.952745471348031003e+00 -6.950304209641447351e+00
-6.941949886294501049e+00 -6.934523077284878489e+00 -6.927363647518852474e+00 -6.919500222285667412e+00 -6.911744820501978914e+00 -6.904610259605263423e+00 -6.897769846364094626e+00 -6.890093637930450043e+00 -6.883349963207079369e+00 -6.881188872108059407e+00
-6.874016834991908631e+00 -6.866967718673992138e+00 -6.859872127170707934e+00 -6.853091226468259300e+00 -6.846284327259081870e+00 -6.839009710868418246e+00 -6.832641532695774345e+00 -6.826377245532604832e+00 -6.820011285712055837e+00 -6.817835795435137847e+00
-6.810755578973818558e+00 -6.804855283419223966e+00 -6.798833494542694034e+00 -6.792897920246398158e+00 -6.785815977292066314e+00 -6.780240858148326666e+00 -6.774837086550858700e+00 -6.768730514430494338e+00 -6.762260043210522653e+00 -6.760809101535507182e+00
-6.754218574270497655e+00 -6.748760867352183723e+00 -6.742294445023735427e+00 -6.736542335321989761e+00 -6.730659888082470843e+00 -6.725710230974615733e+00 -6.719900467754884588e+00 -6.714928677863047035e+00 -6.708715452897337173e+00 -6.707094686088717950e+00
-6.701749937498701293e+00 -6.696466220182235141e+00 -6.691614044243054060e+00 -6.686043860373930059e+00 -6.680716098957503846e+00 -6.675261431962284497e+00 -6.670759149938825239e+00 -6.665240478589287143e+00 -6.660810303800757559e+00 -6.661097176106340889e+00
-6.655542120736187783e+00 -6.649913818246681707e+00 -6.645727889575328895e+00 -6.639998267534407361e+00 -6.636552614224104474e+00 -6.630206491567351534e+00 -6.625841016674372419e+00 -6.621730188998268041e+00 -6.619154832307983405e+00 -6.617965923143026785e+00
-6.613130785144896606e+00 -6.608365693364794957e+00 -6.604188880854573007e+00 -6.601039402249323729e+00 -6.598070693545584398e+00 -6.592589116289873985e+00 -6.588149896891517088e+00 -6.583906010850133050e+00 -6.579558802088655511e+00 -6.578058160884865835e+00
-6.574294482687117025e+00 -6.570519571283556459e+00 -6.567117153942413132e+00 -6.562304309597020158e+00 -6.560022313601333366e+00 -6.554327193716268596e+00 -6.550442679364555154e+00 -6.547736193593745924e+00 -6.543436328585706896e+00 -6.545468578413643712e+00
-6.539262850093652268e+00 -6.536942170349973047e+00 -6.532060013962509792e+00 -6.529180490395523506e+00 -6.525547871928331745e+00 -6.522927787216882045e+00 -6.518762327340658302e+00 -6.517299093639156382e+00 -6.513983752342028311e+00 -6.511344088311759926e+00
-6.506552547473208215e+00 -6.504119821848568073e+00 -6.500865854671505240e+00 -6.497521723344234168e+00 -6.493510181473227227e+00 -6.491565882500681006e+00 -6.488666156215725067e+00 -6.484189204234487747e+00 -6.482698931915795271e+00 -6.482328354871100373e+00
-6.478176299080114831e+00 -6.476420562805400571e+00 -6.473401095568388719e+00 -6.470474441086292217e+00 -6.468818257560892349e+00 -6.466411272955151723e+00 -6.463262312548089916e+00 -6.458635428321773730e+00 -6.455507052609849694e+00 -6.454654324332877557e+00
-6.453554629944652454e+00 -6.452323410298253847e+00 -6.448335096801270261e+00 -6.445576930831305340e+00 -6.441181112622436089e+00 -6.438109490035690996e+00 -6.437209275124351926e+00 -6.433054628105938200e+00 -6.430343842160389123e+00 -6.431625051642713586e+00
-6.427300209838149314e+00 -6.425188924476305630e+00 -6.426281088901720118e+00 -6.420075950009693777e+00 -6.419375379092675082e+00 -6.416117517188727248e+00 -6.413017741636141800e+00 -6.410245103802316713e+00 -6.409274076773530560e+00 -6.408921414010694484e+00
-6.406296382202500972e+00 -6.402859877670026734e+00 -6.400195410594764489e+00 -6.398938265100655443e+00 -6.396965065251050575e+00 -6.394909736020927049e+00 -6.393147887282927044e+00 -6.391031719690544399e+00 -6.387990155407861970e+00 -6.389398701409788828e+00
-6.385973573299303041e+00 -6.385547872545966008e+00 -6.384060662824584398e+00 -6.379393713549376344e+00 -6.377073539687151182e+00 -6.373754155023091172e+00 -6.374399286808969833e+00 -6.370015071520631622e+00 -6.368410971984781455e+00 -6.368709794057495266e+00
-6.366301821050029730e+00 -6.363997096933027287e+00 -6.363371378308419146e+00 -6.361048473917328749e+00 -6.359165369978880378e+00 -6.357388816901299755e+00 -6.356703617505698567e+00 -6.351607673252988029e+00 -6.351182711734063346e+00 -6.350991854776482093e+00
-6.350453069135783224e+00 -6.348742284075343356e+00 -6.347532514218764632e+00 -6.345294157519978384e+00 -6.343244833631858093e+00 -6.339923051629658524e+00 -6.341033974608511592e+00 -6.337625859968622599e+00 -6.335204968996741570e+00 -6.335820614916981341e+00
-6.333472382914583143e+00 -6.332720107913359264e+00 -6.330429409405212482e+00 -6.328790492739891249e+00 -6.326416148759420821e+00 -6.325785406637145059e+00 -6.326448190671702498e+00 -6.319500902952710497e+00 -6.317329753993568886e+00 -6.322265222353496306e+00
-6.317820655717977019e+00 -6.319379981763447063e+00 -6.318932537412713657e+00 -6.316111200184225893e+00 -6.315933566248094877e+00 -6.310651700101383099e+00 -6.310548030008195752e+00 -6.308390293683480365e+00 -6.305835788779011075e+00 -6.306667858124500370e+00
